   1.000000      2.9174797E-03
   2.000000      8.5578142E-03
   3.000000      1.6591266E-02
   4.000000      2.6585929E-02
   5.000000      3.8050547E-02
   6.000000      5.0480753E-02
   7.000000      6.3402250E-02
   8.000000      7.6405622E-02
   9.000000      8.9169271E-02
   10.00000      0.1014694    
   11.00000      0.1131781    
   12.00000      0.1242514    
   13.00000      0.1347124    
   14.00000      0.1446303    
   15.00000      0.1541018    
   16.00000      0.1632332    
   17.00000      0.1721284    
   18.00000      0.1808800    
   19.00000      0.1895646    
   20.00000      0.1982414    
   21.00000      0.2069531    
   22.00000      0.2157278    
   23.00000      0.2245818    
   24.00000      0.2335223    
   25.00000      0.2425500    
   26.00000      0.2516612    
   27.00000      0.2608492    
   28.00000      0.2701057    
   29.00000      0.2794214    
   30.00000      0.2887870    
   31.00000      0.2981928    
   32.00000      0.3076295    
   33.00000      0.3170883    
   34.00000      0.3265605    
   35.00000      0.3360381    
   36.00000      0.3455132    
   37.00000      0.3549787    
   38.00000      0.3644275    
   39.00000      0.3738534    
   40.00000      0.3832500    
   41.00000      0.3926116    
   42.00000      0.4019328    
   43.00000      0.4112086    
   44.00000      0.4204341    
   45.00000      0.4296049    
   46.00000      0.4387168    
   47.00000      0.4477659    
   48.00000      0.4567487    
   49.00000      0.4656616    
   50.00000      0.4745015    
   51.00000      0.4832656    
   52.00000      0.4919511    
   53.00000      0.5005556    
   54.00000      0.5090768    
   55.00000      0.5175126    
   56.00000      0.5258611    
   57.00000      0.5341206    
   58.00000      0.5422895    
   59.00000      0.5503664    
   60.00000      0.5583500    
   61.00000      0.5662393    
   62.00000      0.5740332    
   63.00000      0.5817309    
   64.00000      0.5893316    
   65.00000      0.5968348    
   66.00000      0.6042400    
   67.00000      0.6115467    
   68.00000      0.6187547    
   69.00000      0.6258637    
   70.00000      0.6328737    
   71.00000      0.6397846    
   72.00000      0.6465964    
   73.00000      0.6533093    
   74.00000      0.6599236    
   75.00000      0.6664393    
   76.00000      0.6728569    
   77.00000      0.6791767    
   78.00000      0.6853992    
   79.00000      0.6915249    
   80.00000      0.6975543    
   81.00000      0.7034881    
   82.00000      0.7093268    
   83.00000      0.7150711    
   84.00000      0.7207217    
   85.00000      0.7262793    
   86.00000      0.7317448    
   87.00000      0.7371188    
   88.00000      0.7424024    
   89.00000      0.7475962    
   90.00000      0.7527012    
   91.00000      0.7577183    
   92.00000      0.7626485    
   93.00000      0.7674925    
   94.00000      0.7722515    
   95.00000      0.7769263    
   96.00000      0.7815179    
   97.00000      0.7860274    
   98.00000      0.7904557    
   99.00000      0.7948039    
   100.0000      0.7990729    
   101.0000      0.8032637    
   102.0000      0.8073775    
   103.0000      0.8114151    
   104.0000      0.8153778    
   105.0000      0.8192664    
   106.0000      0.8230821    
   107.0000      0.8268259    
   108.0000      0.8304987    
   109.0000      0.8341017    
   110.0000      0.8376358    
   111.0000      0.8411022    
   112.0000      0.8445018    
   113.0000      0.8478356    
   114.0000      0.8511047    
   115.0000      0.8543100    
   116.0000      0.8574527    
   117.0000      0.8605336    
   118.0000      0.8635538    
   119.0000      0.8665142    
   120.0000      0.8694158    
   121.0000      0.8722597    
   122.0000      0.8750467    
   123.0000      0.8777778    
   124.0000      0.8804539    
   125.0000      0.8830761    
   126.0000      0.8856452    
   127.0000      0.8881620    
   128.0000      0.8906276    
   130.0000      0.8954086    
   132.0000      0.8999953    
   134.0000      0.9043943    
   136.0000      0.9086126    
   138.0000      0.9126566    
   140.0000      0.9165328    
   142.0000      0.9202472    
   144.0000      0.9238060    
   146.0000      0.9272150    
   148.0000      0.9304799    
   150.0000      0.9336063    
   152.0000      0.9365994    
   154.0000      0.9394644    
   156.0000      0.9422064    
   158.0000      0.9448302    
   160.0000      0.9473405    
   162.0000      0.9497419    
   164.0000      0.9520386    
   166.0000      0.9542350    
   168.0000      0.9563351    
   170.0000      0.9583428    
   172.0000      0.9602619    
   174.0000      0.9620962    
   176.0000      0.9638491    
   178.0000      0.9655240    
   180.0000      0.9671242    
   182.0000      0.9686528    
   184.0000      0.9701128    
   186.0000      0.9715072    
   188.0000      0.9728388    
   190.0000      0.9741102    
   192.0000      0.9753240    
   194.0000      0.9764827    
   196.0000      0.9775887    
   198.0000      0.9786443    
   200.0000      0.9796516    
   202.0000      0.9806129    
   204.0000      0.9815300    
   206.0000      0.9824049    
   208.0000      0.9832396    
   210.0000      0.9840358    
   212.0000      0.9847951    
   214.0000      0.9855193    
   216.0000      0.9862099    
   218.0000      0.9868683    
   220.0000      0.9874961    
   222.0000      0.9880946    
   224.0000      0.9886652    
   226.0000      0.9892090    
   228.0000      0.9897273    
   230.0000      0.9902213    
   232.0000      0.9906921    
   234.0000      0.9911408    
   236.0000      0.9915682    
   238.0000      0.9919755    
   240.0000      0.9923635    
   242.0000      0.9927331    
   244.0000      0.9930851    
   246.0000      0.9934205    
   248.0000      0.9937399    
   250.0000      0.9940441    
   252.0000      0.9943338    
   254.0000      0.9946097    
   256.0000      0.9948724    
   260.0000      0.9953606    
   265.0000      0.9959071    
   270.0000      0.9963903    
   275.0000      0.9968172    
   280.0000      0.9971944    
   285.0000      0.9975275    
   290.0000      0.9978216    
   295.0000      0.9980811    
   300.0000      0.9983101    
   305.0000      0.9985121    
   310.0000      0.9986902    
   315.0000      0.9988473    
   320.0000      0.9989857    
   325.0000      0.9991077    
   330.0000      0.9992151    
   335.0000      0.9993098    
   340.0000      0.9993931    
   345.0000      0.9994665    
   350.0000      0.9995311    
   355.0000      0.9995880    
   360.0000      0.9996379    
   365.0000      0.9996818    
   370.0000      0.9997205    
   375.0000      0.9997545    
   380.0000      0.9997844    
   385.0000      0.9998107    
   390.0000      0.9998338    
   395.0000      0.9998541    
   400.0000      0.9998719    
   405.0000      0.9998876    
   410.0000      0.9999014    
   415.0000      0.9999135    
   420.0000      0.9999241    
   425.0000      0.9999334    
   430.0000      0.9999416    
   435.0000      0.9999487    
   440.0000      0.9999551    
   445.0000      0.9999607    
   450.0000      0.9999655    
   455.0000      0.9999698    
   460.0000      0.9999735    
   465.0000      0.9999768    
   470.0000      0.9999797    
   475.0000      0.9999822    
   480.0000      0.9999844    
   485.0000      0.9999863    
   490.0000      0.9999880    
   495.0000      0.9999895    
   500.0000      0.9999908    
   505.0000      0.9999920    
   510.0000      0.9999929    
   515.0000      0.9999938    
   520.0000      0.9999946    
   525.0000      0.9999952    
   530.0000      0.9999958    
   535.0000      0.9999964    
   540.0000      0.9999969    
   545.0000      0.9999972    
   550.0000      0.9999975    
   555.0000      0.9999978    
   560.0000      0.9999981    
   565.0000      0.9999984    
   570.0000      0.9999987    
   575.0000      0.9999990    
